cityID(0 - 48)	x(1 - 90)	y(1- 90)	oneWayToCity(0 - 48)
0 75 32 6
1 24 87 6
2 33 78 22
3 31 28 6
4 36 47 23
5 41 15 42
6 1 89 34
7 21 80 17
8 73 36 27
9 28 82 32
10 22 40 19
11 45 15 46
12 17 51 10
13 82 54 3
14 87 65 26
15 85 42 40
16 43 5 44
17 66 51 47
18 74 75 47
19 11 14 26
20 39 48 44
21 65 15 23
22 48 55 27
23 13 42 40
24 5 33 19
25 49 48 31
26 52 28 18
27 2 7 2
28 77 9 23
29 55 40 36
30 84 28 43
31 10 47 8
32 57 51 39
33 69 22 9
34 7 26 36
35 15 15 40
36 79 85 1
37 54 2 25
38 58 82 21
39 38 32 45
40 60 20 38
41 89 22 14
42 26 27 29
43 34 63 23
44 4 80 4
45 19 45 21
46 71 50 14
47 62 77 33
